(kicad_pcb (version 20171130) (host pcbnew 5.0.0-rc3+dfsg1-2)

  (general
    (thickness 1.6)
    (drawings 24)
    (tracks 247)
    (zones 0)
    (modules 68)
    (nets 73)
  )

  (page A4)
  (layers
    (0 F.Cu signal)
    (31 B.Cu signal)
    (32 B.Adhes user)
    (33 F.Adhes user)
    (34 B.Paste user)
    (35 F.Paste user)
    (36 B.SilkS user)
    (37 F.SilkS user)
    (38 B.Mask user)
    (39 F.Mask user)
    (40 Dwgs.User user)
    (41 Cmts.User user)
    (42 Eco1.User user)
    (43 Eco2.User user)
    (44 Edge.Cuts user)
    (45 Margin user)
    (46 B.CrtYd user)
    (47 F.CrtYd user)
    (48 B.Fab user)
    (49 F.Fab user)
  )

  (setup
    (last_trace_width 0.6)
    (trace_clearance 0.4)
    (zone_clearance 0.508)
    (zone_45_only no)
    (trace_min 0.4)
    (segment_width 0.2)
    (edge_width 0.15)
    (via_size 1.6)
    (via_drill 0.7)
    (via_min_size 0.1)
    (via_min_drill 0.3)
    (uvia_size 0.3)
    (uvia_drill 0.1)
    (uvias_allowed no)
    (uvia_min_size 0.2)
    (uvia_min_drill 0.1)
    (pcb_text_width 0.3)
    (pcb_text_size 1.5 1.5)
    (mod_edge_width 0.15)
    (mod_text_size 1 1)
    (mod_text_width 0.15)
    (pad_size 1.6 1.6)
    (pad_drill 0.8)
    (pad_to_mask_clearance 0.2)
    (aux_axis_origin 55 135)
    (visible_elements FFFFFF7F)
    (pcbplotparams
      (layerselection 0x00000_fffffffe)
      (usegerberextensions false)
      (usegerberattributes false)
      (usegerberadvancedattributes false)
      (creategerberjobfile false)
      (excludeedgelayer true)
      (linewidth 0.100000)
      (plotframeref true)
      (viasonmask true)
      (mode 1)
      (useauxorigin false)
      (hpglpennumber 1)
      (hpglpenspeed 20)
      (hpglpendiameter 15.000000)
      (psnegative true)
      (psa4output false)
      (plotreference true)
      (plotvalue true)
      (plotinvisibletext false)
      (padsonsilk false)
      (subtractmaskfromsilk false)
      (outputformat 5)
      (mirror false)
      (drillshape 1)
      (scaleselection 1)
      (outputdirectory "output/"))
  )

  (net 0 "")
  (net 1 D0)
  (net 2 "Net-(A1-Pad17)")
  (net 3 "Net-(A1-Pad18)")
  (net 4 "Net-(A1-Pad3)")
  (net 5 "Net-(A1-Pad19)")
  (net 6 GND)
  (net 7 "Net-(A1-Pad20)")
  (net 8 D2)
  (net 9 "Net-(A1-Pad21)")
  (net 10 ANODE)
  (net 11 "Net-(A1-Pad22)")
  (net 12 D3)
  (net 13 "Net-(A1-Pad23)")
  (net 14 NEON1)
  (net 15 "Net-(A1-Pad24)")
  (net 16 NEON2)
  (net 17 "Net-(A1-Pad25)")
  (net 18 D4)
  (net 19 "Net-(A1-Pad26)")
  (net 20 D5)
  (net 21 +5V)
  (net 22 D6)
  (net 23 "Net-(A1-Pad28)")
  (net 24 D7)
  (net 25 D8)
  (net 26 D9)
  (net 27 +VDC)
  (net 28 "Net-(Q1-Pad3)")
  (net 29 KHV0)
  (net 30 KHV1)
  (net 31 KHV2)
  (net 32 KHV3)
  (net 33 KHV4)
  (net 34 KHV5)
  (net 35 KHV6)
  (net 36 KHV7)
  (net 37 KHV8)
  (net 38 KHV9)
  (net 39 "Net-(Q16-Pad3)")
  (net 40 D1)
  (net 41 DV)
  (net 42 "Net-(Q4-Pad3)")
  (net 43 "Net-(R3-Pad2)")
  (net 44 DOT)
  (net 45 "Net-(Q7-Pad3)")
  (net 46 "Net-(Q13-Pad3)")
  (net 47 "Net-(Q17-Pad1)")
  (net 48 "Net-(D1-Pad2)")
  (net 49 "Net-(Q17-Pad3)")
  (net 50 +9V)
  (net 51 "Net-(C3-Pad1)")
  (net 52 "Net-(R24-Pad1)")
  (net 53 "Net-(R23-Pad2)")
  (net 54 "Net-(D3-Pad1)")
  (net 55 "Net-(D2-Pad1)")
  (net 56 "Net-(D2-Pad2)")
  (net 57 "Net-(Q16-Pad1)")
  (net 58 "Net-(Q7-Pad1)")
  (net 59 "Net-(Q15-Pad1)")
  (net 60 "Net-(Q9-Pad1)")
  (net 61 "Net-(Q8-Pad1)")
  (net 62 "Net-(Q14-Pad1)")
  (net 63 "Net-(Q13-Pad1)")
  (net 64 "Net-(Q10-Pad1)")
  (net 65 "Net-(Q6-Pad1)")
  (net 66 "Net-(Q5-Pad1)")
  (net 67 "Net-(Q3-Pad1)")
  (net 68 "Net-(Q12-Pad1)")
  (net 69 "Net-(Q11-Pad1)")
  (net 70 "Net-(Q2-Pad1)")
  (net 71 "Net-(Q1-Pad1)")
  (net 72 "Net-(Q4-Pad1)")

  (net_class Default "This is the default net class."
    (clearance 0.4)
    (trace_width 0.6)
    (via_dia 1.6)
    (via_drill 0.7)
    (uvia_dia 0.3)
    (uvia_drill 0.1)
    (diff_pair_gap 0.25)
    (diff_pair_width 0.4)
    (add_net +5V)
    (add_net +9V)
    (add_net +VDC)
    (add_net ANODE)
    (add_net D0)
    (add_net D1)
    (add_net D2)
    (add_net D3)
    (add_net D4)
    (add_net D5)
    (add_net D6)
    (add_net D7)
    (add_net D8)
    (add_net D9)
    (add_net DOT)
    (add_net DV)
    (add_net GND)
    (add_net KHV0)
    (add_net KHV1)
    (add_net KHV2)
    (add_net KHV3)
    (add_net KHV4)
    (add_net KHV5)
    (add_net KHV6)
    (add_net KHV7)
    (add_net KHV8)
    (add_net KHV9)
    (add_net NEON1)
    (add_net NEON2)
    (add_net "Net-(A1-Pad17)")
    (add_net "Net-(A1-Pad18)")
    (add_net "Net-(A1-Pad19)")
    (add_net "Net-(A1-Pad20)")
    (add_net "Net-(A1-Pad21)")
    (add_net "Net-(A1-Pad22)")
    (add_net "Net-(A1-Pad23)")
    (add_net "Net-(A1-Pad24)")
    (add_net "Net-(A1-Pad25)")
    (add_net "Net-(A1-Pad26)")
    (add_net "Net-(A1-Pad28)")
    (add_net "Net-(A1-Pad3)")
    (add_net "Net-(C3-Pad1)")
    (add_net "Net-(D1-Pad2)")
    (add_net "Net-(D2-Pad1)")
    (add_net "Net-(D2-Pad2)")
    (add_net "Net-(D3-Pad1)")
    (add_net "Net-(Q1-Pad1)")
    (add_net "Net-(Q1-Pad3)")
    (add_net "Net-(Q10-Pad1)")
    (add_net "Net-(Q11-Pad1)")
    (add_net "Net-(Q12-Pad1)")
    (add_net "Net-(Q13-Pad1)")
    (add_net "Net-(Q13-Pad3)")
    (add_net "Net-(Q14-Pad1)")
    (add_net "Net-(Q15-Pad1)")
    (add_net "Net-(Q16-Pad1)")
    (add_net "Net-(Q16-Pad3)")
    (add_net "Net-(Q17-Pad1)")
    (add_net "Net-(Q17-Pad3)")
    (add_net "Net-(Q2-Pad1)")
    (add_net "Net-(Q3-Pad1)")
    (add_net "Net-(Q4-Pad1)")
    (add_net "Net-(Q4-Pad3)")
    (add_net "Net-(Q5-Pad1)")
    (add_net "Net-(Q6-Pad1)")
    (add_net "Net-(Q7-Pad1)")
    (add_net "Net-(Q7-Pad3)")
    (add_net "Net-(Q8-Pad1)")
    (add_net "Net-(Q9-Pad1)")
    (add_net "Net-(R23-Pad2)")
    (add_net "Net-(R24-Pad1)")
    (add_net "Net-(R3-Pad2)")
  )

  (module "Parts:Thermal Via" (layer F.Cu) (tedit 5B4ED6FA) (tstamp 5BC00EA4)
    (at 67.31 78.74)
    (path /5BA34E19)
    (fp_text reference U7 (at -7 -10.5) (layer F.SilkS) hide
      (effects (font (size 1 1) (thickness 0.15)))
    )
    (fp_text value THERMAL_VIA (at 0 -12) (layer F.Fab) hide
      (effects (font (size 1 1) (thickness 0.15)))
    )
    (pad ~ thru_hole circle (at 0 0 180) (size 1.2 1.2) (drill 0.5) (layers *.Cu *.Mask)
      (net 6 GND))
  )

  (module "Parts:Thermal Via" (layer F.Cu) (tedit 5B4ED6FA) (tstamp 5BC00E9F)
    (at 90.551 66.421)
    (path /5BA2A652)
    (fp_text reference U3 (at -7 -10.5) (layer F.SilkS) hide
      (effects (font (size 1 1) (thickness 0.15)))
    )
    (fp_text value THERMAL_VIA (at 0 -12) (layer F.Fab) hide
      (effects (font (size 1 1) (thickness 0.15)))
    )
    (pad ~ thru_hole circle (at 0 0 180) (size 1.2 1.2) (drill 0.5) (layers *.Cu *.Mask)
      (net 6 GND))
  )

  (module "Parts:Thermal Via" (layer F.Cu) (tedit 5B4ED6FA) (tstamp 5BC00E9A)
    (at 85.344 57.658)
    (path /5BA2A731)
    (fp_text reference U4 (at -7 -10.5) (layer F.SilkS) hide
      (effects (font (size 1 1) (thickness 0.15)))
    )
    (fp_text value THERMAL_VIA (at 0 -12) (layer F.Fab) hide
      (effects (font (size 1 1) (thickness 0.15)))
    )
    (pad ~ thru_hole circle (at 0 0 180) (size 1.2 1.2) (drill 0.5) (layers *.Cu *.Mask)
      (net 6 GND))
  )

  (module "Parts:Thermal Via" (layer F.Cu) (tedit 5B4ED6FA) (tstamp 5BC00E95)
    (at 79.121 98.552)
    (path /5BA34D07)
    (fp_text reference U5 (at -7 -10.5) (layer F.SilkS) hide
      (effects (font (size 1 1) (thickness 0.15)))
    )
    (fp_text value THERMAL_VIA (at 0 -12) (layer F.Fab) hide
      (effects (font (size 1 1) (thickness 0.15)))
    )
    (pad ~ thru_hole circle (at 0 0 180) (size 1.2 1.2) (drill 0.5) (layers *.Cu *.Mask)
      (net 6 GND))
  )

  (module "Parts:Thermal Via" (layer F.Cu) (tedit 5B4ED6FA) (tstamp 5BC00E90)
    (at 78.74 108.204)
    (path /5BA34D90)
    (fp_text reference U6 (at -7 -10.5) (layer F.SilkS) hide
      (effects (font (size 1 1) (thickness 0.15)))
    )
    (fp_text value THERMAL_VIA (at 0 -12) (layer F.Fab) hide
      (effects (font (size 1 1) (thickness 0.15)))
    )
    (pad ~ thru_hole circle (at 0 0 180) (size 1.2 1.2) (drill 0.5) (layers *.Cu *.Mask)
      (net 6 GND))
  )

  (module Parts:D_MELF-RM10_Universal_Handsoldering (layer B.Cu) (tedit 5B4E730E) (tstamp 5BB409A6)
    (at 64.008 104.649 90)
    (descr "Diode, Universal, MELF, RM10, Handsoldering, SMD, Thruhole,")
    (tags "Diode Universal MELF RM10 Handsoldering SMD Thruhole ")
    (path /5B82AEE8)
    (fp_text reference D1 (at 0 2.5 90) (layer B.SilkS)
      (effects (font (size 1 1) (thickness 0.15)) (justify mirror))
    )
    (fp_text value ES2J (at 0 -2.5 90) (layer B.Fab)
      (effects (font (size 1 1) (thickness 0.15)) (justify mirror))
    )
    (fp_text user %R (at 0 2.5 90) (layer B.Fab)
      (effects (font (size 1 1) (thickness 0.15)) (justify mirror))
    )
    (fp_line (start 3.9 1.5) (end -6.3 1.5) (layer B.SilkS) (width 0.12))
    (fp_line (start -6.3 1.5) (end -6.3 -1.5) (layer B.SilkS) (width 0.12))
    (fp_line (start -6.3 -1.5) (end 3.9 -1.5) (layer B.SilkS) (width 0.12))
    (fp_line (start 2.6 1.3) (end -2.6 1.3) (layer B.Fab) (width 0.1))
    (fp_line (start -2.6 1.3) (end -2.6 -1.3) (layer B.Fab) (width 0.1))
    (fp_line (start -2.6 -1.3) (end 2.6 -1.3) (layer B.Fab) (width 0.1))
    (fp_line (start 2.6 -1.3) (end 2.6 1.3) (layer B.Fab) (width 0.1))
    (fp_line (start -0.64944 -0.00102) (end -1.55114 -0.00102) (layer B.Fab) (width 0.1))
    (fp_line (start 0.50118 -0.00102) (end 1.4994 -0.00102) (layer B.Fab) (width 0.1))
    (fp_line (start -0.64944 0.79908) (end -0.64944 -0.80112) (layer B.Fab) (width 0.1))
    (fp_line (start 0.50118 -0.75032) (end 0.50118 0.79908) (layer B.Fab) (width 0.1))
    (fp_line (start -0.64944 -0.00102) (end 0.50118 -0.75032) (layer B.Fab) (width 0.1))
    (fp_line (start -0.64944 -0.00102) (end 0.50118 0.79908) (layer B.Fab) (width 0.1))
    (fp_line (start -6.4 1.6) (end 6.4 1.6) (layer B.CrtYd) (width 0.05))
    (fp_line (start 6.4 1.6) (end 6.4 -1.6) (layer B.CrtYd) (width 0.05))
    (fp_line (start 6.4 -1.6) (end -6.4 -1.6) (layer B.CrtYd) (width 0.05))
    (fp_line (start -6.4 -1.6) (end -6.4 1.6) (layer B.CrtYd) (width 0.05))
    (pad 1 thru_hole rect (at -4.7 0 90) (size 5 2.7) (drill 1.19888 (offset 1.1 0)) (layers *.Cu *.Mask)
      (net 27 +VDC))
    (pad 2 thru_hole rect (at 4.7 0 270) (size 5 2.7) (drill 1.19888 (offset 1.1 0)) (layers *.Cu *.Mask)
      (net 48 "Net-(D1-Pad2)"))
    (model ${KISYS3DMOD}/Diode_SMD.3dshapes/D_MELF.wrl
      (at (xyz 0 0 0))
      (scale (xyz 1 1 1))
      (rotate (xyz 0 0 0))
    )
  )

  (module Parts:AliExpress55mmBarelJack (layer F.Cu) (tedit 5B4E6957) (tstamp 5BB389F7)
    (at 64.912 68.619)
    (path /5B703308)
    (fp_text reference J1 (at 7 -13) (layer F.SilkS)
      (effects (font (size 1 1) (thickness 0.15)))
    )
    (fp_text value Jack-DC (at 4.5 8.5) (layer F.Fab)
      (effects (font (size 1 1) (thickness 0.15)))
    )
    (fp_line (start -5 -4.5) (end -5 4.5) (layer F.SilkS) (width 0.15))
    (fp_line (start -5 4.5) (end 7 4.5) (layer F.SilkS) (width 0.15))
    (fp_line (start 7 4.5) (end 7 -4.5) (layer F.SilkS) (width 0.15))
    (fp_line (start 7 -4.5) (end -5 -4.5) (layer F.SilkS) (width 0.15))
    (fp_line (start 7 4.5) (end 9 4.5) (layer F.SilkS) (width 0.15))
    (fp_line (start 9 4.5) (end 9 2.5) (layer F.SilkS) (width 0.15))
    (fp_line (start 9 2.5) (end 8 2.5) (layer F.SilkS) (width 0.15))
    (fp_line (start 8 2.5) (end 8 -4.5) (layer F.SilkS) (width 0.15))
    (fp_line (start 8 -4.5) (end 7 -4.5) (layer F.SilkS) (width 0.15))
    (fp_line (start -1 -4.5) (end -1 -6.5) (layer F.SilkS) (width 0.15))
    (fp_line (start -1 -6.5) (end 1 -6.5) (layer F.SilkS) (width 0.15))
    (fp_line (start 1 -6.5) (end 1 -4.5) (layer F.SilkS) (width 0.15))
    (fp_line (start -1 -4.5) (end -1 -6.5) (layer F.CrtYd) (width 0.15))
    (fp_line (start -1 -6.5) (end 1 -6.5) (layer F.CrtYd) (width 0.15))
    (fp_line (start 1 -6.5) (end 1 -4.5) (layer F.CrtYd) (width 0.15))
    (fp_line (start 1 -4.5) (end -1 -4.5) (layer F.CrtYd) (width 0.15))
    (fp_line (start 4.7 -4.5) (end 4.7 -6.5) (layer F.CrtYd) (width 0.15))
    (fp_line (start 4.7 -6.5) (end 6.7 -6.5) (layer F.CrtYd) (width 0.15))
    (fp_line (start 6.7 -6.5) (end 6.7 -4.5) (layer F.CrtYd) (width 0.15))
    (fp_line (start 6.7 -4.5) (end 4.7 -4.5) (layer F.CrtYd) (width 0.15))
    (fp_line (start 1 6.5) (end -1 6.5) (layer F.CrtYd) (width 0.15))
    (fp_line (start 6.7 6.5) (end 4.7 6.5) (layer F.CrtYd) (width 0.15))
    (fp_line (start -1 6.5) (end -1 4.5) (layer F.CrtYd) (width 0.15))
    (fp_line (start 4.7 6.5) (end 4.7 4.5) (layer F.CrtYd) (width 0.15))
    (fp_line (start 1 4.5) (end 1 6.5) (layer F.CrtYd) (width 0.15))
    (fp_line (start 4.7 4.5) (end 6.7 4.5) (layer F.CrtYd) (width 0.15))
    (fp_line (start -1 4.5) (end 1 4.5) (layer F.CrtYd) (width 0.15))
    (fp_line (start 6.7 4.5) (end 6.7 6.5) (layer F.CrtYd) (width 0.15))
    (pad ~ thru_hole circle (at 0 0) (size 1.6 1.6) (drill 1.6) (layers *.Cu *.Mask))
    (pad ~ thru_hole circle (at 4.5 0) (size 1.6 1.6) (drill 1.6) (layers *.Cu *.Mask))
    (pad 2 smd rect (at 0 5.5) (size 3 3) (drill (offset 0 0.5)) (layers F.Cu F.Paste F.Mask)
      (net 6 GND))
    (pad 3 smd rect (at 5.7 5.5) (size 3 3) (drill (offset 0 0.5)) (layers F.Cu F.Paste F.Mask))
    (pad 1 smd rect (at 0 -5.5) (size 3 3) (drill (offset 0 -0.5)) (layers F.Cu F.Paste F.Mask)
      (net 50 +9V))
    (pad 1 smd rect (at 5.7 -5.5) (size 3 3) (drill (offset 0 -0.5)) (layers F.Cu F.Paste F.Mask)
      (net 50 +9V))
  )

  (module Package_SO:PowerIntegrations_SO-8 (layer B.Cu) (tedit 5A42316D) (tstamp 5BB3653E)
    (at 74.097 102.976 270)
    (descr "Power-Integrations variant of 8-Lead Plastic Small Outline (SN) - Narrow, 3.90 mm Body [SOIC], see https://ac-dc.power.com/sites/default/files/product-docs/senzero_family_datasheet.pdf")
    (tags "SOIC 1.27")
    (path /5B71C581)
    (attr smd)
    (fp_text reference U1 (at 0 3.5 270) (layer B.SilkS)
      (effects (font (size 1 1) (thickness 0.15)) (justify mirror))
    )
    (fp_text value max1771 (at 0 -3.5 270) (layer B.Fab)
      (effects (font (size 1 1) (thickness 0.15)) (justify mirror))
    )
    (fp_text user %R (at 0 0 270) (layer B.Fab)
      (effects (font (size 1 1) (thickness 0.15)) (justify mirror))
    )
    (fp_line (start -0.95 2.45) (end 1.95 2.45) (layer B.Fab) (width 0.1))
    (fp_line (start 1.95 2.45) (end 1.95 -2.45) (layer B.Fab) (width 0.1))
    (fp_line (start 1.95 -2.45) (end -1.95 -2.45) (layer B.Fab) (width 0.1))
    (fp_line (start -1.95 -2.45) (end -1.95 1.45) (layer B.Fab) (width 0.1))
    (fp_line (start -1.95 1.45) (end -0.95 2.45) (layer B.Fab) (width 0.1))
    (fp_line (start -2.075 2.575) (end -2.075 2.525) (layer B.SilkS) (width 0.15))
    (fp_line (start 2.075 2.575) (end 2.075 2.43) (layer B.SilkS) (width 0.15))
    (fp_line (start 2.075 -2.575) (end 2.075 -2.43) (layer B.SilkS) (width 0.15))
    (fp_line (start -2.075 -2.575) (end -2.075 -2.43) (layer B.SilkS) (width 0.15))
    (fp_line (start -2.075 2.575) (end 2.075 2.575) (layer B.SilkS) (width 0.15))
    (fp_line (start -2.075 -2.575) (end 2.075 -2.575) (layer B.SilkS) (width 0.15))
    (fp_line (start -2.075 2.525) (end -3.475 2.525) (layer B.SilkS) (width 0.15))
    (fp_line (start -3.98 2.7) (end 3.97 2.7) (layer B.CrtYd) (width 0.05))
    (fp_line (start -3.98 2.7) (end -3.98 -2.7) (layer B.CrtYd) (width 0.05))
    (fp_line (start 3.97 -2.7) (end 3.97 2.7) (layer B.CrtYd) (width 0.05))
    (fp_line (start 3.97 -2.7) (end -3.98 -2.7) (layer B.CrtYd) (width 0.05))
    (pad 1 smd rect (at -2.725 1.905 270) (size 2 0.6) (layers B.Cu B.Paste B.Mask)
      (net 47 "Net-(Q17-Pad1)"))
    (pad 2 smd rect (at -2.725 0.635 270) (size 2 0.6) (layers B.Cu B.Paste B.Mask)
      (net 50 +9V))
    (pad 3 smd rect (at -2.725 -0.635 270) (size 2 0.6) (layers B.Cu B.Paste B.Mask)
      (net 53 "Net-(R23-Pad2)"))
    (pad 4 smd rect (at -2.725 -1.905 270) (size 2 0.6) (layers B.Cu B.Paste B.Mask)
      (net 6 GND))
    (pad 5 smd rect (at 2.725 -1.905 270) (size 2 0.6) (layers B.Cu B.Paste B.Mask)
      (net 51 "Net-(C3-Pad1)"))
    (pad 6 smd rect (at 2.725 -0.635 270) (size 2 0.6) (layers B.Cu B.Paste B.Mask)
      (net 6 GND))
    (pad 7 smd rect (at 2.725 0.635 270) (size 2 0.6) (layers B.Cu B.Paste B.Mask)
      (net 6 GND))
    (pad 8 smd rect (at 2.725 1.905 270) (size 2 0.6) (layers B.Cu B.Paste B.Mask)
      (net 49 "Net-(Q17-Pad3)"))
    (model ${KISYS3DMOD}/Package_SO.3dshapes/PowerIntegrations_SO-8.wrl
      (at (xyz 0 0 0))
      (scale (xyz 1 1 1))
      (rotate (xyz 0 0 0))
    )
  )

  (module Resistor_SMD:R_0805_2012Metric_Pad1.33x1.40mm_HandSolder (layer B.Cu) (tedit 5B20DC38) (tstamp 5BB2DC4F)
    (at 76.8425 116.369)
    (descr "Resistor SMD 0805 (2012 Metric), square (rectangular) end terminal, IPC_7351 nominal with elongated pad for handsoldering. (Body size source: http://www.tortai-tech.com/upload/download/2011102023233369053.pdf), generated with kicad-footprint-generator")
    (tags "resistor handsolder")
    (path /5B85662F)
    (attr smd)
    (fp_text reference R23 (at 0 1.65) (layer B.SilkS)
      (effects (font (size 1 1) (thickness 0.15)) (justify mirror))
    )
    (fp_text value 1.5M (at 0 -1.65) (layer B.Fab)
      (effects (font (size 1 1) (thickness 0.15)) (justify mirror))
    )
    (fp_line (start -1 -0.6) (end -1 0.6) (layer B.Fab) (width 0.1))
    (fp_line (start -1 0.6) (end 1 0.6) (layer B.Fab) (width 0.1))
    (fp_line (start 1 0.6) (end 1 -0.6) (layer B.Fab) (width 0.1))
    (fp_line (start 1 -0.6) (end -1 -0.6) (layer B.Fab) (width 0.1))
    (fp_line (start -0.207983 0.71) (end 0.207983 0.71) (layer B.SilkS) (width 0.12))
    (fp_line (start -0.207983 -0.71) (end 0.207983 -0.71) (layer B.SilkS) (width 0.12))
    (fp_line (start -1.85 -0.95) (end -1.85 0.95) (layer B.CrtYd) (width 0.05))
    (fp_line (start -1.85 0.95) (end 1.85 0.95) (layer B.CrtYd) (width 0.05))
    (fp_line (start 1.85 0.95) (end 1.85 -0.95) (layer B.CrtYd) (width 0.05))
    (fp_line (start 1.85 -0.95) (end -1.85 -0.95) (layer B.CrtYd) (width 0.05))
    (fp_text user %R (at 0 0) (layer B.Fab)
      (effects (font (size 0.5 0.5) (thickness 0.08)) (justify mirror))
    )
    (pad 1 smd roundrect (at -0.9375 0) (size 1.325 1.4) (layers B.Cu B.Paste B.Mask) (roundrect_rratio 0.188679)
      (net 27 +VDC))
    (pad 2 smd roundrect (at 0.9375 0) (size 1.325 1.4) (layers B.Cu B.Paste B.Mask) (roundrect_rratio 0.188679)
      (net 53 "Net-(R23-Pad2)"))
    (model ${KISYS3DMOD}/Resistor_SMD.3dshapes/R_0805_2012Metric.wrl
      (at (xyz 0 0 0))
      (scale (xyz 1 1 1))
      (rotate (xyz 0 0 0))
    )
  )

  (module Resistor_SMD:R_0805_2012Metric_Pad1.33x1.40mm_HandSolder (layer B.Cu) (tedit 5B20DC38) (tstamp 5B67AEBE)
    (at 111.435 82.0425 90)
    (descr "Resistor SMD 0805 (2012 Metric), square (rectangular) end terminal, IPC_7351 nominal with elongated pad for handsoldering. (Body size source: http://www.tortai-tech.com/upload/download/2011102023233369053.pdf), generated with kicad-footprint-generator")
    (tags "resistor handsolder")
    (path /5B4BEC53)
    (attr smd)
    (fp_text reference R20 (at 0 1.65 90) (layer B.SilkS)
      (effects (font (size 1 1) (thickness 0.15)) (justify mirror))
    )
    (fp_text value 33K (at 0 -1.65 90) (layer B.Fab)
      (effects (font (size 1 1) (thickness 0.15)) (justify mirror))
    )
    (fp_text user %R (at 0 0 90) (layer B.Fab)
      (effects (font (size 0.5 0.5) (thickness 0.08)) (justify mirror))
    )
    (fp_line (start 1.85 -0.95) (end -1.85 -0.95) (layer B.CrtYd) (width 0.05))
    (fp_line (start 1.85 0.95) (end 1.85 -0.95) (layer B.CrtYd) (width 0.05))
    (fp_line (start -1.85 0.95) (end 1.85 0.95) (layer B.CrtYd) (width 0.05))
    (fp_line (start -1.85 -0.95) (end -1.85 0.95) (layer B.CrtYd) (width 0.05))
    (fp_line (start -0.207983 -0.71) (end 0.207983 -0.71) (layer B.SilkS) (width 0.12))
    (fp_line (start -0.207983 0.71) (end 0.207983 0.71) (layer B.SilkS) (width 0.12))
    (fp_line (start 1 -0.6) (end -1 -0.6) (layer B.Fab) (width 0.1))
    (fp_line (start 1 0.6) (end 1 -0.6) (layer B.Fab) (width 0.1))
    (fp_line (start -1 0.6) (end 1 0.6) (layer B.Fab) (width 0.1))
    (fp_line (start -1 -0.6) (end -1 0.6) (layer B.Fab) (width 0.1))
    (pad 2 smd roundrect (at 0.9375 0 90) (size 1.325 1.4) (layers B.Cu B.Paste B.Mask) (roundrect_rratio 0.188679)
      (net 14 NEON1))
    (pad 1 smd roundrect (at -0.9375 0 90) (size 1.325 1.4) (layers B.Cu B.Paste B.Mask) (roundrect_rratio 0.188679)
      (net 62 "Net-(Q14-Pad1)"))
    (model ${KISYS3DMOD}/Resistor_SMD.3dshapes/R_0805_2012Metric.wrl
      (at (xyz 0 0 0))
      (scale (xyz 1 1 1))
      (rotate (xyz 0 0 0))
    )
  )

  (module Resistor_SMD:R_0805_2012Metric_Pad1.33x1.40mm_HandSolder (layer B.Cu) (tedit 5B20DC38) (tstamp 5BB2524D)
    (at 113.0375 103.965 180)
    (descr "Resistor SMD 0805 (2012 Metric), square (rectangular) end terminal, IPC_7351 nominal with elongated pad for handsoldering. (Body size source: http://www.tortai-tech.com/upload/download/2011102023233369053.pdf), generated with kicad-footprint-generator")
    (tags "resistor handsolder")
    (path /5B4A1219)
    (attr smd)
    (fp_text reference R9 (at 0 1.65 180) (layer B.SilkS)
      (effects (font (size 1 1) (thickness 0.15)) (justify mirror))
    )
    (fp_text value 240K (at 0 -1.65 180) (layer B.Fab)
      (effects (font (size 1 1) (thickness 0.15)) (justify mirror))
    )
    (fp_line (start -1 -0.6) (end -1 0.6) (layer B.Fab) (width 0.1))
    (fp_line (start -1 0.6) (end 1 0.6) (layer B.Fab) (width 0.1))
    (fp_line (start 1 0.6) (end 1 -0.6) (layer B.Fab) (width 0.1))
    (fp_line (start 1 -0.6) (end -1 -0.6) (layer B.Fab) (width 0.1))
    (fp_line (start -0.207983 0.71) (end 0.207983 0.71) (layer B.SilkS) (width 0.12))
    (fp_line (start -0.207983 -0.71) (end 0.207983 -0.71) (layer B.SilkS) (width 0.12))
    (fp_line (start -1.85 -0.95) (end -1.85 0.95) (layer B.CrtYd) (width 0.05))
    (fp_line (start -1.85 0.95) (end 1.85 0.95) (layer B.CrtYd) (width 0.05))
    (fp_line (start 1.85 0.95) (end 1.85 -0.95) (layer B.CrtYd) (width 0.05))
    (fp_line (start 1.85 -0.95) (end -1.85 -0.95) (layer B.CrtYd) (width 0.05))
    (fp_text user %R (at 0 0 180) (layer B.Fab)
      (effects (font (size 0.5 0.5) (thickness 0.08)) (justify mirror))
    )
    (pad 1 smd roundrect (at -0.9375 0 180) (size 1.325 1.4) (layers B.Cu B.Paste B.Mask) (roundrect_rratio 0.188679)
      (net 42 "Net-(Q4-Pad3)"))
    (pad 2 smd roundrect (at 0.9375 0 180) (size 1.325 1.4) (layers B.Cu B.Paste B.Mask) (roundrect_rratio 0.188679)
      (net 54 "Net-(D3-Pad1)"))
    (model ${KISYS3DMOD}/Resistor_SMD.3dshapes/R_0805_2012Metric.wrl
      (at (xyz 0 0 0))
      (scale (xyz 1 1 1))
      (rotate (xyz 0 0 0))
    )
  )

  (module Package_TO_SOT_SMD:TSOT-23_HandSoldering (layer B.Cu) (tedit 5A02FF57) (tstamp 5BA5BFC0)
    (at 118.735 81.935 270)
    (descr "5-pin TSOT23 package, http://cds.linear.com/docs/en/packaging/SOT_5_05-08-1635.pdf")
    (tags "TSOT-23 Hand-soldering")
    (path /5B49A7EF)
    (attr smd)
    (fp_text reference Q2 (at 0 2.45 270) (layer B.SilkS)
      (effects (font (size 1 1) (thickness 0.15)) (justify mirror))
    )
    (fp_text value MMBTA42 (at 0 -2.5 270) (layer B.Fab)
      (effects (font (size 1 1) (thickness 0.15)) (justify mirror))
    )
    (fp_text user %R (at 0 0 180) (layer B.Fab)
      (effects (font (size 0.5 0.5) (thickness 0.075)) (justify mirror))
    )
    (fp_line (start 0.95 -0.5) (end 0.95 -1.55) (layer B.SilkS) (width 0.12))
    (fp_line (start 0.95 -1.55) (end -0.9 -1.55) (layer B.SilkS) (width 0.12))
    (fp_line (start 0.95 1.5) (end 0.95 0.5) (layer B.SilkS) (width 0.12))
    (fp_line (start 0.93 1.51) (end -1.5 1.51) (layer B.SilkS) (width 0.12))
    (fp_line (start -0.88 1) (end -0.43 1.45) (layer B.Fab) (width 0.1))
    (fp_line (start 0.88 1.45) (end -0.43 1.45) (layer B.Fab) (width 0.1))
    (fp_line (start -0.88 1) (end -0.88 -1.45) (layer B.Fab) (width 0.1))
    (fp_line (start 0.88 -1.45) (end -0.88 -1.45) (layer B.Fab) (width 0.1))
    (fp_line (start 0.88 1.45) (end 0.88 -1.45) (layer B.Fab) (width 0.1))
    (fp_line (start -2.96 1.7) (end 2.96 1.7) (layer B.CrtYd) (width 0.05))
    (fp_line (start -2.96 1.7) (end -2.96 -1.7) (layer B.CrtYd) (width 0.05))
    (fp_line (start 2.96 -1.7) (end 2.96 1.7) (layer B.CrtYd) (width 0.05))
    (fp_line (start 2.96 -1.7) (end -2.96 -1.7) (layer B.CrtYd) (width 0.05))
    (pad 1 smd rect (at -1.71 0.95 270) (size 2 0.65) (layers B.Cu B.Paste B.Mask)
      (net 70 "Net-(Q2-Pad1)"))
    (pad 2 smd rect (at -1.71 -0.95 270) (size 2 0.65) (layers B.Cu B.Paste B.Mask)
      (net 6 GND))
    (pad 3 smd rect (at 1.71 0 270) (size 2 0.65) (layers B.Cu B.Paste B.Mask)
      (net 38 KHV9))
    (model ${KISYS3DMOD}/Package_TO_SOT_SMD.3dshapes/TSOT-23.wrl
      (at (xyz 0 0 0))
      (scale (xyz 1 1 1))
      (rotate (xyz 0 0 0))
    )
  )

  (module Diode_THT:D_DO-41_SOD81_P10.16mm_Horizontal (layer F.Cu) (tedit 5AE50CD5) (tstamp 5BB28623)
    (at 118.42 91.9 180)
    (descr "Diode, DO-41_SOD81 series, Axial, Horizontal, pin pitch=10.16mm, , length*diameter=5.2*2.7mm^2, , http://www.diodes.com/_files/packages/DO-41%20(Plastic).pdf")
    (tags "Diode DO-41_SOD81 series Axial Horizontal pin pitch 10.16mm  length 5.2mm diameter 2.7mm")
    (path /5B9DF429)
    (fp_text reference D2 (at 5.08 -2.47 180) (layer F.SilkS)
      (effects (font (size 1 1) (thickness 0.15)))
    )
    (fp_text value 100V (at 5.08 2.47 180) (layer F.Fab)
      (effects (font (size 1 1) (thickness 0.15)))
    )
    (fp_line (start 2.48 -1.35) (end 2.48 1.35) (layer F.Fab) (width 0.1))
    (fp_line (start 2.48 1.35) (end 7.68 1.35) (layer F.Fab) (width 0.1))
    (fp_line (start 7.68 1.35) (end 7.68 -1.35) (layer F.Fab) (width 0.1))
    (fp_line (start 7.68 -1.35) (end 2.48 -1.35) (layer F.Fab) (width 0.1))
    (fp_line (start 0 0) (end 2.48 0) (layer F.Fab) (width 0.1))
    (fp_line (start 10.16 0) (end 7.68 0) (layer F.Fab) (width 0.1))
    (fp_line (start 3.26 -1.35) (end 3.26 1.35) (layer F.Fab) (width 0.1))
    (fp_line (start 3.36 -1.35) (end 3.36 1.35) (layer F.Fab) (width 0.1))
    (fp_line (start 3.16 -1.35) (end 3.16 1.35) (layer F.Fab) (width 0.1))
    (fp_line (start 2.36 -1.47) (end 2.36 1.47) (layer F.SilkS) (width 0.12))
    (fp_line (start 2.36 1.47) (end 7.8 1.47) (layer F.SilkS) (width 0.12))
    (fp_line (start 7.8 1.47) (end 7.8 -1.47) (layer F.SilkS) (width 0.12))
    (fp_line (start 7.8 -1.47) (end 2.36 -1.47) (layer F.SilkS) (width 0.12))
    (fp_line (start 1.34 0) (end 2.36 0) (layer F.SilkS) (width 0.12))
    (fp_line (start 8.82 0) (end 7.8 0) (layer F.SilkS) (width 0.12))
    (fp_line (start 3.26 -1.47) (end 3.26 1.47) (layer F.SilkS) (width 0.12))
    (fp_line (start 3.38 -1.47) (end 3.38 1.47) (layer F.SilkS) (width 0.12))
    (fp_line (start 3.14 -1.47) (end 3.14 1.47) (layer F.SilkS) (width 0.12))
    (fp_line (start -1.35 -1.6) (end -1.35 1.6) (layer F.CrtYd) (width 0.05))
    (fp_line (start -1.35 1.6) (end 11.51 1.6) (layer F.CrtYd) (width 0.05))
    (fp_line (start 11.51 1.6) (end 11.51 -1.6) (layer F.CrtYd) (width 0.05))
    (fp_line (start 11.51 -1.6) (end -1.35 -1.6) (layer F.CrtYd) (width 0.05))
    (fp_text user %R (at 5.47 0 180) (layer F.Fab)
      (effects (font (size 1 1) (thickness 0.15)))
    )
    (fp_text user K (at 0 -2.1 180) (layer F.Fab)
      (effects (font (size 1 1) (thickness 0.15)))
    )
    (fp_text user K (at 0 -2.1 180) (layer F.SilkS)
      (effects (font (size 1 1) (thickness 0.15)))
    )
    (pad 1 thru_hole rect (at 0 0 180) (size 2.2 2.2) (drill 1.1) (layers *.Cu *.Mask)
      (net 55 "Net-(D2-Pad1)"))
    (pad 2 thru_hole oval (at 10.16 0 180) (size 2.2 2.2) (drill 1.1) (layers *.Cu *.Mask)
      (net 56 "Net-(D2-Pad2)"))
    (model ${KISYS3DMOD}/Diode_THT.3dshapes/D_DO-41_SOD81_P10.16mm_Horizontal.wrl
      (at (xyz 0 0 0))
      (scale (xyz 1 1 1))
      (rotate (xyz 0 0 0))
    )
  )

  (module Diode_THT:D_DO-41_SOD81_P10.16mm_Horizontal (layer F.Cu) (tedit 5AE50CD5) (tstamp 5B66DD1F)
    (at 108.26 103.965)
    (descr "Diode, DO-41_SOD81 series, Axial, Horizontal, pin pitch=10.16mm, , length*diameter=5.2*2.7mm^2, , http://www.diodes.com/_files/packages/DO-41%20(Plastic).pdf")
    (tags "Diode DO-41_SOD81 series Axial Horizontal pin pitch 10.16mm  length 5.2mm diameter 2.7mm")
    (path /5B9321E7)
    (fp_text reference D3 (at 5.08 -2.47) (layer F.SilkS)
      (effects (font (size 1 1) (thickness 0.15)))
    )
    (fp_text value 100V (at 5.08 2.47) (layer F.Fab)
      (effects (font (size 1 1) (thickness 0.15)))
    )
    (fp_line (start 2.48 -1.35) (end 2.48 1.35) (layer F.Fab) (width 0.1))
    (fp_line (start 2.48 1.35) (end 7.68 1.35) (layer F.Fab) (width 0.1))
    (fp_line (start 7.68 1.35) (end 7.68 -1.35) (layer F.Fab) (width 0.1))
    (fp_line (start 7.68 -1.35) (end 2.48 -1.35) (layer F.Fab) (width 0.1))
    (fp_line (start 0 0) (end 2.48 0) (layer F.Fab) (width 0.1))
    (fp_line (start 10.16 0) (end 7.68 0) (layer F.Fab) (width 0.1))
    (fp_line (start 3.26 -1.35) (end 3.26 1.35) (layer F.Fab) (width 0.1))
    (fp_line (start 3.36 -1.35) (end 3.36 1.35) (layer F.Fab) (width 0.1))
    (fp_line (start 3.16 -1.35) (end 3.16 1.35) (layer F.Fab) (width 0.1))
    (fp_line (start 2.36 -1.47) (end 2.36 1.47) (layer F.SilkS) (width 0.12))
    (fp_line (start 2.36 1.47) (end 7.8 1.47) (layer F.SilkS) (width 0.12))
    (fp_line (start 7.8 1.47) (end 7.8 -1.47) (layer F.SilkS) (width 0.12))
    (fp_line (start 7.8 -1.47) (end 2.36 -1.47) (layer F.SilkS) (width 0.12))
    (fp_line (start 1.34 0) (end 2.36 0) (layer F.SilkS) (width 0.12))
    (fp_line (start 8.82 0) (end 7.8 0) (layer F.SilkS) (width 0.12))
    (fp_line (start 3.26 -1.47) (end 3.26 1.47) (layer F.SilkS) (width 0.12))
    (fp_line (start 3.38 -1.47) (end 3.38 1.47) (layer F.SilkS) (width 0.12))
    (fp_line (start 3.14 -1.47) (end 3.14 1.47) (layer F.SilkS) (width 0.12))
    (fp_line (start -1.35 -1.6) (end -1.35 1.6) (layer F.CrtYd) (width 0.05))
    (fp_line (start -1.35 1.6) (end 11.51 1.6) (layer F.CrtYd) (width 0.05))
    (fp_line (start 11.51 1.6) (end 11.51 -1.6) (layer F.CrtYd) (width 0.05))
    (fp_line (start 11.51 -1.6) (end -1.35 -1.6) (layer F.CrtYd) (width 0.05))
    (fp_text user %R (at 5.47 0) (layer F.Fab)
      (effects (font (size 1 1) (thickness 0.15)))
    )
    (fp_text user K (at 0 -2.1) (layer F.Fab)
      (effects (font (size 1 1) (thickness 0.15)))
    )
    (fp_text user K (at 0 -2.1) (layer F.SilkS)
      (effects (font (size 1 1) (thickness 0.15)))
    )
    (pad 1 thru_hole rect (at 0 0) (size 2.2 2.2) (drill 1.1) (layers *.Cu *.Mask)
      (net 54 "Net-(D3-Pad1)"))
    (pad 2 thru_hole oval (at 10.16 0) (size 2.2 2.2) (drill 1.1) (layers *.Cu *.Mask)
      (net 6 GND))
    (model ${KISYS3DMOD}/Diode_THT.3dshapes/D_DO-41_SOD81_P10.16mm_Horizontal.wrl
      (at (xyz 0 0 0))
      (scale (xyz 1 1 1))
      (rotate (xyz 0 0 0))
    )
  )

  (module Resistor_SMD:R_0805_2012Metric_Pad1.33x1.40mm_HandSolder (layer F.Cu) (tedit 5B20DC38) (tstamp 5B67C711)
    (at 112.705 82.0425 90)
    (descr "Resistor SMD 0805 (2012 Metric), square (rectangular) end terminal, IPC_7351 nominal with elongated pad for handsoldering. (Body size source: http://www.tortai-tech.com/upload/download/2011102023233369053.pdf), generated with kicad-footprint-generator")
    (tags "resistor handsolder")
    (path /5B4CAFB8)
    (attr smd)
    (fp_text reference R22 (at 0 -1.65 90) (layer F.SilkS)
      (effects (font (size 1 1) (thickness 0.15)))
    )
    (fp_text value 33K (at 0 1.65 90) (layer F.Fab)
      (effects (font (size 1 1) (thickness 0.15)))
    )
    (fp_line (start -1 0.6) (end -1 -0.6) (layer F.Fab) (width 0.1))
    (fp_line (start -1 -0.6) (end 1 -0.6) (layer F.Fab) (width 0.1))
    (fp_line (start 1 -0.6) (end 1 0.6) (layer F.Fab) (width 0.1))
    (fp_line (start 1 0.6) (end -1 0.6) (layer F.Fab) (width 0.1))
    (fp_line (start -0.207983 -0.71) (end 0.207983 -0.71) (layer F.SilkS) (width 0.12))
    (fp_line (start -0.207983 0.71) (end 0.207983 0.71) (layer F.SilkS) (width 0.12))
    (fp_line (start -1.85 0.95) (end -1.85 -0.95) (layer F.CrtYd) (width 0.05))
    (fp_line (start -1.85 -0.95) (end 1.85 -0.95) (layer F.CrtYd) (width 0.05))
    (fp_line (start 1.85 -0.95) (end 1.85 0.95) (layer F.CrtYd) (width 0.05))
    (fp_line (start 1.85 0.95) (end -1.85 0.95) (layer F.CrtYd) (width 0.05))
    (fp_text user %R (at 0 0 90) (layer F.Fab)
      (effects (font (size 0.5 0.5) (thickness 0.08)))
    )
    (pad 1 smd roundrect (at -0.9375 0 90) (size 1.325 1.4) (layers F.Cu F.Paste F.Mask) (roundrect_rratio 0.188679)
      (net 57 "Net-(Q16-Pad1)"))
    (pad 2 smd roundrect (at 0.9375 0 90) (size 1.325 1.4) (layers F.Cu F.Paste F.Mask) (roundrect_rratio 0.188679)
      (net 10 ANODE))
    (model ${KISYS3DMOD}/Resistor_SMD.3dshapes/R_0805_2012Metric.wrl
      (at (xyz 0 0 0))
      (scale (xyz 1 1 1))
      (rotate (xyz 0 0 0))
    )
  )

  (module Resistor_SMD:R_0805_2012Metric_Pad1.33x1.40mm_HandSolder (layer F.Cu) (tedit 5B20DC38) (tstamp 5BB3A0BF)
    (at 100.9425 123.65 180)
    (descr "Resistor SMD 0805 (2012 Metric), square (rectangular) end terminal, IPC_7351 nominal with elongated pad for handsoldering. (Body size source: http://www.tortai-tech.com/upload/download/2011102023233369053.pdf), generated with kicad-footprint-generator")
    (tags "resistor handsolder")
    (path /5B499F4B)
    (attr smd)
    (fp_text reference R3 (at 0 -1.65 180) (layer F.SilkS)
      (effects (font (size 1 1) (thickness 0.15)))
    )
    (fp_text value 10K (at 0 1.65 180) (layer F.Fab)
      (effects (font (size 1 1) (thickness 0.15)))
    )
    (fp_line (start -1 0.6) (end -1 -0.6) (layer F.Fab) (width 0.1))
    (fp_line (start -1 -0.6) (end 1 -0.6) (layer F.Fab) (width 0.1))
    (fp_line (start 1 -0.6) (end 1 0.6) (layer F.Fab) (width 0.1))
    (fp_line (start 1 0.6) (end -1 0.6) (layer F.Fab) (width 0.1))
    (fp_line (start -0.207983 -0.71) (end 0.207983 -0.71) (layer F.SilkS) (width 0.12))
    (fp_line (start -0.207983 0.71) (end 0.207983 0.71) (layer F.SilkS) (width 0.12))
    (fp_line (start -1.85 0.95) (end -1.85 -0.95) (layer F.CrtYd) (width 0.05))
    (fp_line (start -1.85 -0.95) (end 1.85 -0.95) (layer F.CrtYd) (width 0.05))
    (fp_line (start 1.85 -0.95) (end 1.85 0.95) (layer F.CrtYd) (width 0.05))
    (fp_line (start 1.85 0.95) (end -1.85 0.95) (layer F.CrtYd) (width 0.05))
    (fp_text user %R (at 0 0 180) (layer F.Fab)
      (effects (font (size 0.5 0.5) (thickness 0.08)))
    )
    (pad 1 smd roundrect (at -0.9375 0 180) (size 1.325 1.4) (layers F.Cu F.Paste F.Mask) (roundrect_rratio 0.188679)
      (net 28 "Net-(Q1-Pad3)"))
    (pad 2 smd roundrect (at 0.9375 0 180) (size 1.325 1.4) (layers F.Cu F.Paste F.Mask) (roundrect_rratio 0.188679)
      (net 43 "Net-(R3-Pad2)"))
    (model ${KISYS3DMOD}/Resistor_SMD.3dshapes/R_0805_2012Metric.wrl
      (at (xyz 0 0 0))
      (scale (xyz 1 1 1))
      (rotate (xyz 0 0 0))
    )
  )

  (module Resistor_SMD:R_0805_2012Metric_Pad1.33x1.40mm_HandSolder (layer F.Cu) (tedit 5B20DC38) (tstamp 5BB3A041)
    (at 111.435 118.2675 90)
    (descr "Resistor SMD 0805 (2012 Metric), square (rectangular) end terminal, IPC_7351 nominal with elongated pad for handsoldering. (Body size source: http://www.tortai-tech.com/upload/download/2011102023233369053.pdf), generated with kicad-footprint-generator")
    (tags "resistor handsolder")
    (path /5B49A338)
    (attr smd)
    (fp_text reference R2 (at 0 -1.65 90) (layer F.SilkS)
      (effects (font (size 1 1) (thickness 0.15)))
    )
    (fp_text value 1M (at 0 1.65 90) (layer F.Fab)
      (effects (font (size 1 1) (thickness 0.15)))
    )
    (fp_text user %R (at 0 0 90) (layer F.Fab)
      (effects (font (size 0.5 0.5) (thickness 0.08)))
    )
    (fp_line (start 1.85 0.95) (end -1.85 0.95) (layer F.CrtYd) (width 0.05))
    (fp_line (start 1.85 -0.95) (end 1.85 0.95) (layer F.CrtYd) (width 0.05))
    (fp_line (start -1.85 -0.95) (end 1.85 -0.95) (layer F.CrtYd) (width 0.05))
    (fp_line (start -1.85 0.95) (end -1.85 -0.95) (layer F.CrtYd) (width 0.05))
    (fp_line (start -0.207983 0.71) (end 0.207983 0.71) (layer F.SilkS) (width 0.12))
    (fp_line (start -0.207983 -0.71) (end 0.207983 -0.71) (layer F.SilkS) (width 0.12))
    (fp_line (start 1 0.6) (end -1 0.6) (layer F.Fab) (width 0.1))
    (fp_line (start 1 -0.6) (end 1 0.6) (layer F.Fab) (width 0.1))
    (fp_line (start -1 -0.6) (end 1 -0.6) (layer F.Fab) (width 0.1))
    (fp_line (start -1 0.6) (end -1 -0.6) (layer F.Fab) (width 0.1))
    (pad 2 smd roundrect (at 0.9375 0 90) (size 1.325 1.4) (layers F.Cu F.Paste F.Mask) (roundrect_rratio 0.188679)
      (net 39 "Net-(Q16-Pad3)"))
    (pad 1 smd roundrect (at -0.9375 0 90) (size 1.325 1.4) (layers F.Cu F.Paste F.Mask) (roundrect_rratio 0.188679)
      (net 71 "Net-(Q1-Pad1)"))
    (model ${KISYS3DMOD}/Resistor_SMD.3dshapes/R_0805_2012Metric.wrl
      (at (xyz 0 0 0))
      (scale (xyz 1 1 1))
      (rotate (xyz 0 0 0))
    )
  )

  (module Resistor_SMD:R_0805_2012Metric_Pad1.33x1.40mm_HandSolder (layer F.Cu) (tedit 5B20DC38) (tstamp 5B523724)
    (at 115.245 117.6325 90)
    (descr "Resistor SMD 0805 (2012 Metric), square (rectangular) end terminal, IPC_7351 nominal with elongated pad for handsoldering. (Body size source: http://www.tortai-tech.com/upload/download/2011102023233369053.pdf), generated with kicad-footprint-generator")
    (tags "resistor handsolder")
    (path /5B49D8AC)
    (attr smd)
    (fp_text reference R5 (at 2.3165 -1.453 90) (layer F.SilkS)
      (effects (font (size 1 1) (thickness 0.15)))
    )
    (fp_text value 240K (at 0 1.65 90) (layer F.Fab)
      (effects (font (size 1 1) (thickness 0.15)))
    )
    (fp_text user %R (at 0 0 90) (layer F.Fab)
      (effects (font (size 0.5 0.5) (thickness 0.08)))
    )
    (fp_line (start 1.85 0.95) (end -1.85 0.95) (layer F.CrtYd) (width 0.05))
    (fp_line (start 1.85 -0.95) (end 1.85 0.95) (layer F.CrtYd) (width 0.05))
    (fp_line (start -1.85 -0.95) (end 1.85 -0.95) (layer F.CrtYd) (width 0.05))
    (fp_line (start -1.85 0.95) (end -1.85 -0.95) (layer F.CrtYd) (width 0.05))
    (fp_line (start -0.207983 0.71) (end 0.207983 0.71) (layer F.SilkS) (width 0.12))
    (fp_line (start -0.207983 -0.71) (end 0.207983 -0.71) (layer F.SilkS) (width 0.12))
    (fp_line (start 1 0.6) (end -1 0.6) (layer F.Fab) (width 0.1))
    (fp_line (start 1 -0.6) (end 1 0.6) (layer F.Fab) (width 0.1))
    (fp_line (start -1 -0.6) (end 1 -0.6) (layer F.Fab) (width 0.1))
    (fp_line (start -1 0.6) (end -1 -0.6) (layer F.Fab) (width 0.1))
    (pad 2 smd roundrect (at 0.9375 0 90) (size 1.325 1.4) (layers F.Cu F.Paste F.Mask) (roundrect_rratio 0.188679)
      (net 55 "Net-(D2-Pad1)"))
    (pad 1 smd roundrect (at -0.9375 0 90) (size 1.325 1.4) (layers F.Cu F.Paste F.Mask) (roundrect_rratio 0.188679)
      (net 27 +VDC))
    (model ${KISYS3DMOD}/Resistor_SMD.3dshapes/R_0805_2012Metric.wrl
      (at (xyz 0 0 0))
      (scale (xyz 1 1 1))
      (rotate (xyz 0 0 0))
    )
  )

  (module Resistor_SMD:R_0805_2012Metric_Pad1.33x1.40mm_HandSolder (layer F.Cu) (tedit 5B20DC38) (tstamp 5BB25F1D)
    (at 125.1025 118.57)
    (descr "Resistor SMD 0805 (2012 Metric), square (rectangular) end terminal, IPC_7351 nominal with elongated pad for handsoldering. (Body size source: http://www.tortai-tech.com/upload/download/2011102023233369053.pdf), generated with kicad-footprint-generator")
    (tags "resistor handsolder")
    (path /5B4A2D02)
    (attr smd)
    (fp_text reference R8 (at 0 -1.65) (layer F.SilkS)
      (effects (font (size 1 1) (thickness 0.15)))
    )
    (fp_text value 1M (at 0 1.65) (layer F.Fab)
      (effects (font (size 1 1) (thickness 0.15)))
    )
    (fp_line (start -1 0.6) (end -1 -0.6) (layer F.Fab) (width 0.1))
    (fp_line (start -1 -0.6) (end 1 -0.6) (layer F.Fab) (width 0.1))
    (fp_line (start 1 -0.6) (end 1 0.6) (layer F.Fab) (width 0.1))
